#Creator: pendulumviewEventBuffer
#Creation time: Mon Mar  4 15:19:23 2019
#Time A	Pos A	Time B	Pos B
#[s]	[au]	[s]	[au]
0.026	324	0.051	551
0.076	378	0.102	552
0.127	438	0.152	551
0.178	493	0.203	552
0.229	543	0.253	552
0.279	590	0.305	552
0.330	633	0.355	552
0.380	669	0.406	552
0.432	686	0.457	553
0.482	686	0.507	552
0.533	662	0.558	552
0.583	626	0.609	553
0.634	597	0.660	553
0.684	555	0.710	552
0.736	504	0.761	552
0.786	458	0.811	551
0.837	402	0.863	552
0.887	345	0.913	551
0.938	289	0.964	551
0.989	242	1.014	551
1.040	204	1.065	551
1.090	174	1.116	551
1.141	157	1.167	551
1.191	157	1.217	550
1.243	185	1.268	551
1.293	222	1.318	550
1.344	230	1.369	551
1.394	267	1.420	551
1.445	310	1.471	551
1.495	360	1.521	552
1.547	417	1.572	553
1.597	464	1.622	552
1.648	513	1.674	552
1.698	560	1.724	552
1.749	602	1.775	552
1.800	632	1.825	552
1.851	647	1.876	553
1.901	645	1.927	552
1.952	628	1.978	552
2.002	605	2.028	553
2.054	578	2.079	552
2.104	540	2.129	552
2.155	498	2.180	552
2.205	450	2.231	552
2.256	401	2.282	552
2.306	346	2.332	551
2.358	297	2.383	552
2.408	256	2.433	551
2.459	223	2.485	551
2.509	198	2.535	551
2.560	186	2.586	552
2.611	191	2.636	551
2.662	207	2.687	551
2.712	225	2.738	551
2.763	246	2.789	552
2.813	280	2.839	551
2.865	320	2.890	550
2.915	368	2.940	552
2.966	414	2.992	552
3.016	459	3.042	551
3.067	502	3.093	552
3.117	542	3.143	552
3.169	578	3.194	552
3.219	602	3.244	552
3.270	613	3.296	551
3.320	612	3.346	551
3.371	599	3.397	552
3.422	580	3.447	551
3.473	554	3.498	551
3.523	522	3.549	551
3.574	484	3.600	552
3.624	443	3.650	551
3.676	398	3.701	550
3.726	352	3.751	551
3.777	311	3.803	551
3.827	275	3.853	551
3.878	247	3.904	551
3.928	227	3.954	551
3.980	217	4.005	552
4.030	217	4.055	551
4.081	223	4.107	551
4.131	238	4.157	550
4.182	258	4.208	551
4.233	287	4.258	552
4.284	323	4.309	551
4.334	365	4.360	552
4.385	409	4.411	552
4.435	449	4.461	552
4.487	488	4.512	551
4.537	524	4.562	551
4.588	554	4.614	551
4.638	575	4.664	552
4.689	585	4.715	552
4.739	588	4.765	552
4.791	580	4.816	551
4.841	564	4.866	552
4.892	541	4.918	551
4.942	512	4.968	552
4.993	478	5.019	553
5.044	440	5.069	551
5.095	399	5.120	552
5.145	360	5.171	552
5.196	322	5.222	551
5.246	290	5.272	551
5.298	265	5.323	551
5.348	247	5.373	551
5.399	237	5.425	551
5.449	236	5.475	552
5.500	241	5.526	551
5.550	254	5.576	551
5.602	273	5.627	551
5.652	300	5.677	552
5.703	332	5.729	550
5.753	369	5.779	551
5.804	407	5.830	552
5.855	446	5.880	552
5.906	481	5.931	551
5.956	511	5.982	552
6.007	537	6.033	552
6.057	556	6.083	552
6.109	566	6.134	552
6.159	568	6.184	552
6.210	564	6.236	552
6.260	549	6.286	553
6.311	529	6.337	551
6.361	502	6.387	551
6.413	472	6.438	551
6.463	437	6.488	552
6.514	401	6.540	552
6.564	365	6.590	552
6.615	332	6.641	551
6.666	302	6.691	551
6.717	278	6.742	551
6.768	263	6.793	551
6.818	252	6.844	551
6.869	250	6.894	551
6.920	256	6.945	552
6.971	268	6.995	551
7.021	286	7.047	552
7.072	310	7.097	551
7.122	339	7.148	551
7.174	371	7.198	551
7.224	405	7.249	551
7.275	440	7.299	551
7.325	472	7.351	552
7.376	500	7.401	552
7.426	524	7.452	552
7.478	540	7.502	552
7.528	552	7.553	552
7.579	554	7.604	551
7.629	550	7.655	552
7.680	537	7.705	552
7.731	519	7.756	551
7.782	495	7.806	552
7.832	466	7.858	552
7.883	435	7.908	551
7.933	403	7.959	551
7.985	371	8.009	551
8.035	339	8.060	551
8.086	313	8.110	551
8.136	291	8.162	551
8.187	276	8.212	551
8.237	266	8.263	551
8.289	264	8.313	552
8.339	268	8.364	551
8.390	279	8.415	552
8.440	296	8.466	552
8.491	318	8.516	551
8.542	344	8.567	551
8.593	374	8.617	551
8.643	406	8.669	552
8.694	437	8.719	551
8.744	466	8.770	551
8.796	492	8.820	552
8.846	513	8.871	551
8.897	528	8.921	551
8.947	537	8.973	551
8.998	542	9.023	552
9.048	537	9.074	551
9.100	527	9.124	551
9.150	510	9.175	552
9.201	488	9.226	552
9.251	463	9.277	552
9.302	434	9.327	551
9.353	403	9.378	552
9.404	374	9.428	552
9.454	347	9.480	552
9.505	321	9.530	551
9.555	301	9.581	551
9.607	287	9.631	551
9.657	278	9.682	551
9.708	275	9.732	552
9.758	279	9.784	551
9.809	289	9.835	551
9.859	304	9.885	551
9.911	325	9.936	551
9.961	349	9.986	550
10.012	376	10.038	551
10.062	405	10.088	552
10.113	434	10.139	552
10.164	461	10.189	551
10.215	484	10.240	551
10.265	505	10.291	551
10.316	519	10.342	552
10.366	528	10.392	551
10.418	530	10.443	552
10.468	526	10.493	552
10.519	517	10.545	551
10.569	502	10.595	552
10.620	482	10.646	551
10.670	458	10.696	553
10.722	432	10.747	552
10.772	404	10.797	553
10.823	377	10.849	552
10.873	350	10.899	552
10.924	328	10.950	551
10.975	309	11.000	551
11.026	296	11.051	551
11.076	287	11.102	551
11.127	286	11.153	551
11.177	289	11.203	551
11.229	299	11.254	551
11.279	313	11.304	551
11.330	332	11.356	551
11.380	354	11.406	550
11.431	379	11.457	551
11.481	405	11.507	551
11.533	432	11.558	552
11.583	456	11.608	552
11.634	478	11.660	552
11.684	496	11.710	552
11.735	510	11.761	552
11.786	519	11.811	552
11.837	521	11.862	551
11.887	518	11.913	552
11.938	509	11.964	552
11.988	495	12.014	552
12.040	476	12.065	552
12.090	454	12.115	550
12.141	430	12.167	552
12.191	405	12.217	551
12.242	378	12.268	552
12.292	355	12.318	551
12.344	334	12.369	551
12.394	317	12.419	551
12.445	305	12.471	551
12.495	297	12.521	551
12.546	294	12.572	551
12.597	298	12.622	551
12.648	306	12.673	552
12.698	320	12.724	551
12.749	337	12.775	551
12.799	358	12.825	552
12.851	382	12.876	551
12.901	406	12.926	552
12.952	431	12.978	552
13.002	453	13.028	551
13.053	474	13.079	551
13.104	491	13.129	551
13.155	504	13.180	551
13.205	511	13.230	551
13.256	514	13.282	551
13.306	510	13.332	551
13.357	502	13.383	551
13.408	489	13.433	551
13.459	472	13.484	552
13.509	452	13.535	552
13.560	429	13.586	551
13.610	405	13.636	550
13.662	382	13.687	551
13.712	359	13.737	551
13.763	340	13.789	551
13.813	324	13.839	551
13.864	313	13.890	551
13.915	305	13.940	551
13.966	303	13.991	551
14.016	306	14.041	551
14.067	314	14.093	552
14.117	327	14.143	551
14.168	343	14.194	551
14.219	362	14.244	551
14.270	384	14.295	551
14.321	406	14.346	551
14.371	428	14.397	551
14.422	450	14.447	551
14.473	469	14.498	551
14.524	485	14.548	551
14.574	497	14.600	551
14.625	504	14.650	551
14.675	506	14.701	551
14.727	504	14.751	551
14.777	495	14.802	552
14.828	484	14.852	552
14.878	468	14.904	551
14.929	449	14.954	551
14.979	428	15.005	552
15.031	406	15.055	551
15.081	385	15.106	552
15.132	364	15.157	552
15.182	345	15.208	551
15.233	331	15.258	551
15.284	320	15.309	551
15.335	313	15.359	551
15.385	310	15.411	551
15.436	313	15.461	551
15.486	320	15.512	551
15.538	332	15.562	552
15.588	347	15.613	551
15.639	365	15.664	551
15.689	385	15.715	552
15.740	406	15.765	551
15.790	427	15.816	551
15.842	448	15.866	552
15.892	466	15.917	552
15.943	480	15.968	551
15.993	492	16.019	551
16.044	498	16.069	552
16.095	499	16.120	552
16.146	497	16.170	552
16.196	490	16.222	552
16.247	479	16.272	551
16.297	464	16.323	551
16.349	446	16.373	551
16.399	426	16.424	551
16.450	406	16.475	551
16.500	386	16.526	551
16.551	367	16.576	552
16.601	349	16.627	551
16.653	336	16.677	551
16.703	325	16.728	551
16.754	319	16.779	551
16.804	318	16.830	551
16.855	320	16.880	551
16.906	328	16.931	551
16.957	338	16.981	552
17.007	352	17.033	551
17.058	369	17.083	551
17.108	388	17.134	551
17.160	407	17.184	551
17.210	427	17.235	551
17.261	445	17.286	552
17.311	463	17.337	551
17.362	475	17.388	551
17.412	486	17.438	552
17.464	492	17.489	551
17.514	494	17.539	551
17.565	491	17.591	551
17.615	485	17.641	550
17.666	473	17.692	551
17.717	460	17.742	551
17.768	443	17.793	551
17.818	425	17.844	551
17.869	406	17.895	551
17.919	388	17.945	550
17.971	369	17.996	552
18.021	354	18.046	550
18.072	341	18.098	551
18.122	332	18.148	551
18.173	326	18.199	551
18.224	324	18.249	551
18.275	327	18.300	551
18.325	333	18.350	551
18.376	344	18.402	552
18.426	356	18.452	551
18.477	372	18.503	551
18.528	390	18.553	551
18.579	407	18.604	551
18.629	426	18.655	552
18.680	443	18.706	550
18.730	459	18.756	551
18.782	471	18.807	551
18.832	481	18.857	551
18.883	487	18.909	551
18.933	489	18.959	551
18.984	486	19.010	551
19.035	479	19.060	551
19.086	469	19.111	551
19.136	456	19.161	551
19.187	441	19.213	552
19.237	424	19.263	551
19.288	406	19.314	551
19.339	389	19.364	552
19.390	372	19.415	551
19.440	357	19.466	551
19.491	345	19.517	551
19.541	337	19.567	551
19.593	332	19.618	551
19.643	331	19.668	551
19.694	332	19.720	551
19.744	339	19.770	551
19.795	348	19.821	551
19.846	360	19.871	550
19.897	376	19.922	551
19.947	392	19.972	552
19.998	409	20.024	551
20.048	426	20.074	552
20.099	442	20.125	551
20.150	456	20.175	550
20.201	468	20.226	551
20.251	476	20.277	551
20.302	481	20.328	551
20.352	483	20.378	551
20.404	481	20.429	551
20.454	474	20.479	552
20.505	465	20.531	551
20.555	452	20.581	551
20.606	438	20.632	551
20.657	423	20.682	551
20.708	406	20.733	551
20.758	390	20.784	550
20.809	375	20.835	552
20.859	361	20.885	551
20.910	350	20.936	551
20.961	342	20.986	551
21.012	337	21.037	551
21.063	335	21.088	551
21.113	338	21.139	551
21.164	344	21.189	551
21.215	353	21.240	551
21.266	365	21.290	551
21.316	378	21.342	551
21.367	394	21.392	552
21.417	409	21.443	551
21.469	425	21.493	551
21.519	440	21.544	551
21.570	453	21.595	551
21.620	464	21.646	552
21.671	472	21.696	551
21.721	477	21.747	551
21.773	477	21.797	551
21.823	475	21.848	551
21.874	469	21.899	551
21.924	460	21.950	551
21.975	449	22.000	551
22.026	436	22.051	552
22.077	422	22.101	551
22.127	406	22.153	551
22.178	391	22.203	550
22.228	377	22.254	551
22.280	365	22.304	551
22.330	354	22.355	550
22.381	347	22.406	551
22.431	343	22.457	551
22.482	342	22.507	551
22.532	344	22.558	551
22.584	349	22.608	551
22.634	358	22.659	551
22.685	369	22.710	550
22.735	382	22.761	552
22.786	396	22.811	551
22.837	410	22.862	552
22.888	424	22.912	552
22.938	438	22.964	552
22.989	450	23.014	552
23.039	461	23.065	552
23.091	468	23.115	550
23.141	472	23.166	551
23.192	473	23.217	551
23.242	470	23.268	551
23.293	465	23.318	551
23.344	457	23.369	551
23.395	447	23.419	551
23.445	435	23.470	551
23.496	420	23.521	551
23.546	406	23.572	551
23.597	392	23.622	551
23.648	379	23.673	551
23.699	368	23.723	551
23.749	358	23.775	551
23.800	351	23.825	551
23.850	348	23.876	551
23.902	347	23.926	551
23.952	349	23.977	551
24.003	354	24.028	551
24.053	362	24.079	551
24.104	371	24.130	551
24.155	384	24.180	550
24.206	397	24.231	551
24.256	411	24.281	551
24.307	424	24.333	551
24.357	437	24.383	552
24.408	448	24.434	552
24.459	458	24.484	551
24.510	463	24.535	551
24.560	468	24.586	551
24.611	468	24.637	552
24.661	466	24.687	551
24.713	461	24.738	551
24.763	454	24.788	551
24.814	444	24.840	551
24.864	432	24.890	551
24.915	419	24.941	551
24.966	406	24.991	551
25.017	393	25.042	552
25.067	381	25.092	551
25.118	371	25.144	551
25.168	362	25.194	551
25.219	356	25.245	550
25.270	352	25.295	551
25.321	352	25.346	550
25.371	355	25.397	551
25.422	359	25.448	551
25.472	367	25.498	551
25.524	375	25.549	551
25.574	387	25.599	551
25.625	398	25.651	551
25.675	411	25.701	551
25.726	424	25.752	550
25.777	435	25.802	552
25.828	445	25.853	550
25.878	454	25.904	551
25.929	460	25.955	553
25.979	463	26.005	551
26.030	464	26.056	551
26.081	462	26.106	551
26.132	458	26.157	551
26.182	450	26.208	551
26.233	440	26.259	551
26.283	429	26.309	551
26.335	419	26.360	550
26.385	406	26.410	551
26.436	395	26.462	551
26.486	384	26.512	551
26.537	374	26.563	551
26.588	366	26.613	550
26.639	360	26.664	550
26.689	358	26.715	551
26.740	357	26.766	551
26.790	359	26.816	551
26.841	363	26.867	551
26.892	371	26.917	551
26.943	379	26.968	551
26.993	390	27.019	550
27.044	400	27.070	551
27.094	412	27.120	551
27.146	423	27.171	551
27.196	434	27.221	551
27.247	443	27.273	551
27.297	450	27.323	551
27.348	456	27.374	551
27.399	459	27.424	550
27.450	459	27.475	551
27.500	458	27.526	551
27.551	453	27.577	551
27.601	446	27.627	551
27.652	438	27.678	551
27.703	428	27.728	550
27.754	417	27.779	551
27.804	407	27.830	551
27.855	396	27.881	550
27.905	386	27.931	551
27.957	378	27.982	551
28.007	370	28.032	552
28.058	365	28.084	550
28.108	362	28.134	551
28.159	362	28.185	551
28.210	364	28.235	551
28.261	368	28.286	551
28.311	374	28.337	551
28.362	383	28.388	551
28.412	392	28.438	550
28.464	402	28.489	551
28.514	413	28.539	551
28.565	423	28.590	551
28.615	432	28.641	551
28.666	441	28.692	552
28.716	448	28.742	550
28.768	452	28.793	551
28.818	455	28.843	551
28.869	455	28.895	551
28.919	454	28.945	551
28.970	449	28.996	551
29.021	442	29.046	551
29.072	436	29.097	551
29.122	426	29.148	551
29.173	417	29.199	551
29.223	406	29.249	551
29.275	397	29.300	551
29.325	388	29.350	551
29.376	380	29.401	551
29.426	373	29.452	551
29.477	369	29.503	551
29.527	367	29.553	551
29.579	366	29.604	551
29.629	368	29.654	551
29.680	373	29.706	551
29.730	378	29.756	551
29.781	385	29.807	551
29.832	394	29.857	550
29.883	403	29.908	552
29.933	414	29.959	551
29.984	422	30.010	551
30.034	431	30.060	551
30.086	438	30.111	550
30.136	444	30.161	551
30.187	449	30.212	551
30.237	451	30.263	550
30.288	451	30.314	551
30.338	449	30.364	551
30.390	445	30.415	551
30.440	439	30.465	551
30.491	433	30.517	551
30.541	425	30.567	551
30.592	415	30.618	551
30.643	406	30.668	551
30.694	398	30.719	551
30.744	389	30.770	551
30.795	382	30.821	551
30.845	377	30.871	551
30.897	373	30.922	551
30.947	371	30.972	551
30.998	370	31.024	552
31.048	373	31.074	551
31.099	376	31.125	551
31.149	382	31.175	551
31.201	388	31.226	551
31.251	396	31.276	551
31.302	404	31.328	551
31.352	414	31.378	550
31.403	422	31.429	551
31.454	430	31.479	550
31.505	435	31.530	552
31.555	442	31.581	551
31.606	445	31.632	551
31.656	447	31.682	551
31.708	447	31.733	551
31.758	445	31.783	552
31.809	443	31.835	551
31.859	436	31.885	551
31.910	430	31.936	551
31.960	423	31.986	551
32.012	415	32.037	551
32.062	406	32.087	551
32.113	399	32.139	550
32.163	391	32.189	550
32.214	385	32.240	552
32.265	380	32.290	550
32.316	377	32.341	551
32.366	375	32.392	551
32.417	375	32.443	553
32.467	377	32.493	550
32.519	380	32.544	551
32.569	385	32.594	551
32.620	391	32.646	551
32.670	399	32.696	551
32.721	406	32.747	551
32.771	413	32.797	551
32.823	421	32.848	551
32.873	427	32.898	552
32.924	434	32.950	550
32.974	440	33.000	551
33.025	442	33.051	551
33.077	444	33.101	552
33.127	444	33.152	551
33.178	442	33.203	551
33.228	438	33.254	551
33.279	434	33.304	551
33.330	428	33.355	551
33.381	421	33.405	551
33.431	414	33.457	551
33.482	406	33.507	551
33.532	400	33.558	551
33.584	393	33.608	551
33.634	388	33.659	551
33.685	383	33.709	551
33.735	380	33.761	551
33.786	379	33.811	551
33.836	379	33.862	551
33.888	381	33.912	551
33.938	384	33.963	551
33.989	388	34.014	551
34.039	394	34.065	551
34.090	400	34.115	551
34.141	407	34.166	551
34.192	413	34.216	551
34.242	420	34.268	551
34.293	427	34.318	551
34.343	433	34.369	550
34.395	436	34.419	551
34.445	439	34.470	551
34.496	441	34.520	550
34.546	440	34.572	551
34.597	438	34.622	550
34.647	435	34.673	552
34.699	431	34.723	551
34.749	426	34.774	551
34.800	420	34.825	551
34.850	413	34.876	551
34.901	407	34.926	551
34.952	400	34.977	551
35.003	395	35.027	550
35.053	391	35.079	551
35.104	387	35.129	550
35.154	384	35.180	551
35.206	383	35.230	551
35.256	383	35.281	551
35.307	385	35.331	551
35.357	388	35.383	551
35.408	392	35.433	551
35.458	397	35.484	551
35.510	402	35.534	551
35.560	408	35.585	551
35.611	414	35.636	551
35.661	420	35.687	551
35.712	426	35.737	551
35.763	430	35.788	551
35.814	433	35.838	551
35.864	436	35.890	552
35.915	437	35.940	551
35.965	437	35.991	550
36.017	435	36.041	551
36.067	432	36.092	551
36.118	428	36.142	550
36.168	423	36.194	551
36.219	418	36.245	551
36.269	413	36.295	551
36.321	407	36.346	551
36.371	401	36.396	551
36.422	397	36.448	550
36.472	393	36.498	551
36.523	389	36.549	551
36.574	388	36.599	551
36.625	387	36.650	551
36.675	387	36.701	551
36.726	389	36.752	551
36.776	391	36.802	551
36.828	396	36.853	550
36.878	399	36.903	551
36.929	404	36.955	551
36.979	410	37.005	551
37.030	415	37.056	551
37.080	419	37.106	551
37.132	424	37.157	551
37.182	429	37.207	551
37.233	432	37.259	551
37.283	433	37.309	551
37.334	434	37.360	552
37.385	433	37.410	551
37.436	432	37.461	551
37.486	429	37.512	550
37.537	425	37.563	550
37.587	421	37.613	551
37.639	417	37.664	551
37.689	412	37.714	551
37.740	408	37.766	551
37.790	403	37.816	551
37.841	399	37.867	551
37.891	395	37.917	551
37.943	393	37.968	551
37.993	390	38.018	551
38.044	390	38.070	550
38.094	391	38.120	551
38.145	392	38.171	551
38.196	395	38.221	550
38.247	398	38.272	551
38.297	402	38.323	550
38.348	406	38.374	551
38.398	410	38.424	551
38.450	415	38.475	551
38.500	420	38.525	551
38.551	422	38.577	551
38.601	426	38.627	551
38.652	428	38.678	551
38.702	430	38.728	551
38.754	431	38.779	552
38.804	430	38.829	550
38.855	429	38.881	551
38.905	426	38.931	551
38.956	423	38.982	550
39.007	420	39.032	551
39.058	416	39.083	551
39.108	412	39.134	551
39.159	408	39.185	551
39.209	404	39.235	551
39.261	401	39.286	551
39.311	398	39.336	550
39.362	396	39.388	551
39.412	395	39.438	550
39.463	394	39.489	551
39.513	395	39.539	551
39.565	396	39.590	551
39.615	398	39.640	551
39.666	401	39.692	551
39.716	404	39.742	551
39.767	408	39.793	550
39.818	411	39.843	551
39.869	416	39.894	551
39.920	419	39.945	551
39.970	423	39.996	551
40.021	424	40.046	551
40.072	426	40.097	550
